admin
admin
20846405
28022002
21212018
24082003
22975730
09032004
22106885
16082003
20851455
12082002
22294259
01012004
20363556
07092002
22848445
26082004
22539476
04032004
22740988
12082004
22925271
10052004
21138666
19092003
21449501
21092003
21977183
01112003
20454752
13082002
20107565
20042002
22003329
15072002
22757781
07042003
22888272
20022004
22848034
12012004
20312030
17032002
22068160
23112004
21082191
28052003
21916933
24052003
22256914
26122004
21775567
19092003
22354886
20082004
20369015
01062002
21284726
13082003
20135361
09062002
19127081
11112001
19127012
01122001
19127009
10092001
19127111
03052001